16938161772
39154955586
16938681772
23792862842
15667397380
39350217852
16938621772
700104422
34539172858
5574453724
700104422
700104622
16938681772
22517946334
1256350022
557445724
3829089838
3469150396
70010422
369607052
38423519912
859798340
10283404610
16939861772
34531912858
859938340
70010422
168707790
3997797628
3171980728
3823519912
1890234552
1418787168
1418787168
4107999864
3687986736
3997797628
3997797628
20712281590
39531920756
27553420194
38243519912
13280521512
16963861772
23899907730
38914693238
38944693238
700810422
29339668962
15843397854
