16938617721
16938617721
23792828423
23792828423
15667373805
15667373805
39350278528
39350278528
16938617726
16938617726
700104224
700104224
34539128578
34539128578
5574457245
5574457245
700104226
700104226
16938617712
16938617712
22517963343
22517963343
12563500229
12563500229
5574457241
5574457241
38290898382
38290898382
34691503964
34691503964
700104227
700104227
369607052
369607052
3823519912
3823519912
85998340
85998340
1023404610
1023404610
1693861772
1693861772
3453912858
3453912858
85998340
85998340
70010422
70010422
168707790
168707790
3997797628
3997797628
3171980728
3171980728
3823519912
3823519912
1890234552
1890234552
1418787168
1418787168
4107999864
4107999864
3687986736
3687986736
3997797628
3997797628
2072281590
2072281590
3951920756
3951920756
2753420194
2753420194
3823519912
3823519912
1320521512
1320521512
1693861772
1693861772
2389907730
2389907730
3894693238
3894693238
70010422
70010422
2939668962
2939668962
1583397854
1583397854
