16931861772
12
39154495586
84
16938651772
43
23792826842
45
15667373880
62
39354027852
48
16938661772
92
700104222
12
34539128858
5
5574457294
13
700104212
62
700104222
84
1693861772
92
2251796334
34
1256350022
16
557445724
82
3829089838
45
3469150396
89
70010422
64
369607052
12
3823519912
11
85998340
41
1023404610
36
16938617712
55
34543912858
85
859958340
96
700104422
47
1687078790
46
39977979628
95
31711980728
12
38234519912
13
18902634552
51
14187887168
21
14187874168
46
41079998164
96
36879867436
36
39977976268
13
73997797628
13
25072281590
45
39651920756
84
27583420194
62
38239519912
17
13205821512
64
1693861772
18
2389907730
96
3894693238
32
3894693238
64
70010422
45
2939668962
62
1583397854
23
