1693861772
3915495586
1693861772
2379282842
1566737380
3935027852
1693861772
70010422
3453912858
3453912858
557445724
557445724
70010422
70010422
1693861772
1693861772
2251796334
2251796334
1256350022
1256350022
557445724
557445724
3829089838
3829089838
3469150396
3469150396
70010422
70010422
369607052
369607052
3823519912
3823519912
85998340
85998340
1023404610
1023404610
1693861772
1693861772
3453912858
3453912858
85998340
85998340
70010422
70010422
168707790
168707790
3997797628
3997797628
3171980728
3171980728
3823519912
3823519912
1890234552
1890234552
1418787168
1418787168
4107999864
4107999864
3687986736
3687986736
3997797628
3997797628
2072281590
2072281590
3951920756
3951920756
2753420194
2753420194
3823519912
3823519912
1320521512
1320521512
1693861772
1693861772
2389907730
2389907730
3894693238
3894693238
70010422
70010422
2939668962
2939668962
1583397854
1583397854
