335050779170104627
145469865598712529
41240660421139552
562858910055612624
145469865598712529
43950224887419289
565686501618011726
485415143882481427
209334450926052976
485415143882481427
485415143882481427
321982410008606752
562858910055612624
309529876592691888
43950224887419289
436774450218434894
369091570363920974
565686501618011726
2954380790579825608
403019035533390620
403019035533390620
79086363585883488
279629759287524211
208244746563813260
471910512875989207
304585392617671925
178500932780494195
38814630963941058
407906201327862032
105863725978851293
488984990498514826
178500932780494195
178500932780494195
335050779170104627
407906201327862032
308605887058715526
469155401053975459
362774039338503792
359931039197132823
162539578920885706
218304959927454290
467781322474431697
2954380790579825608
25412190931508755
238590175277892790
154937166742595276
279528904502675566
299570403103757032
47736542153304663
550864366286769978
516346068946535135
313273220496521108
216064098025358375
31379213615069252
343891987661876762
79086363585883488
279629759287524211
488984990498514826
321982410008606752
2954380790579825608
56099491941771818
246802122642719308
220975039834722949
357687536081830025
136244239952967902
335050779170104627
105863725978851293
320776606741473261
178500932780494195
238590175277892790
329509451549871527
223325299950890464
538907587466591249
273964478551444810
279629759287524211
83914549795154489
220158789613904664
304585392617671925
2954380790579825608
124564076908556960
506192679212438336
237164097988143179
566673549806450162
357687536081830025
1477190395289912804
105863725978851293
215933627369863517
452629550530988699
166345556062952029
246815617168351289
333643079569121365
458207156343460597
25412190931508755
79086363585883488
279629759287524211
38855226440221811
313273220496521108
299570403103757032
17025146308126657
469654696704897628
59539500732861625
2954380790579825608
306355117766995186
162539578920885706
237164097988143179
247386047158000627
206708789005506685
382503115238975621
90761411668914981
468313683044819337
485338829352945994
378532773888637862
438072274487281760
167966639950853459
231504085117764251
176787934190494425
510010866784135501
315415476145765955
159675312081835949
256328472046262622
204899136218489658
1477190395289912804
455336715632829040
145469865598712529
71223248945098378
221008240567380815
198299191199032076
422976188988683964
279629759287524211
41367610541783311
485415143882481427
412407136932644864
154937166742595276
39560491738127242
547013834951526878
357687536081830025
436546370009815562
73635669502396381
431268857370216429
375108874826169992
54430875516374073
312913675996257678
148860060491261327
351395966010895626
238590175277892790
41240660421139552
227008114394376554
467781322474431697
541711040880748554
414915282368169759
485415143882481427
198299191199032076
445077256878284289
378532773888637862
378532773888637862
362774039338503792
105325454904069674
406178818357675843
89705742184538764
380050980741910158
362774039338503792
266624666512322915
78279357214893227
299570403103757032
167966639950853459
519392006873544286
215224344461454395
198299191199032076
67832797988135102
343891987661876762
215933627369863517
52609365098593796
215784147235858654
482408813613963841
560688170828857069
560688170828857069
368654484380833153
67832797988135102
79086363585883488
301464800968560826
369297598822478201
159675312081835949
514809847478630134
540726962739551974
335484594747850096
313998026542782898
540726962739551974
463932197426773797
78279357214893227
279462181432412062
299570403103757032
89705742184538764
355967111289150356
305583821610006344
151474823771500572
296689029545573483
279629759287524211
564402871348064289
22383585003765952
227915112229583008
547467954889559583
105863725978851293
327726449366452917
67832797988135102
163569474660148912
114223514415669447
29143764473100742
279548609278382132
267490728591458389
289874313595224341
517789425690589622
247386047158000627
41505808673531486
369232257905766675
321982410008606752
32990776986179121
79086363585883488
122847057435959571
230388316143284803
403636533509100124
68823242615046682
357687536081830025
485338829352945994
471910512875989207
8296073235950786
482408813613963841
78279357214893227
32523093110554232
95070982832741237
217918040268700809
448306356411985613
83914549795154489
218076330977768516
373099366529470852
96275753186426241
259087870138054512
329509451549871527
427545873402966317
460068966647738278
555139949480479516
196597237445756837
267490728591458389
355212205015058591
573288535992827108
369927150084656744
466202903136865257
148830020971496281
288886780575809707
154937166742595276
218304959927454290
227915112229583008
34045584940511873
335484594747850096
16412470771277055
360337449943258269
472107057312960384
54430875516374073
194384149790453393
427545873402966317
41367610541783311
311282332957256823
365699127599877003
488984990498514826
122181168631613987
444064002151985355
463722561122402265
314492715889405145
566521291836125111
359931039197132823
56307079879435676
401045200913366292
163569474660148912
313998026542782898
145734537965857673
328000734303093722
458236559723070134
28424103879335569
105863725978851293
159675312081835949
222857488893253667
85109222314792088
102015973467807637
299570403103757032
313998026542782898
166345556062952029
471910512875989207
373099366529470852
32523093110554232
381929414456791114
410353518201908955
369302615912332773
154423012463381735
383777393658325547
444064002151985355
365699127599877003
539995997092314921
566414332128943449
162106452559570707
85799307293291687
467728721750082801
301621487782785996
463932197426773797
506192679212438336
292435539497597140
418837961351081045
313273220496521108
352405118813340368
225281069069736273
269374867441307242
355212260293817866
294770944064124739
616179207887616
248606477984611
47736542153304663
313651733043093048
156028942090750606
226824546728135163
261155396020193426
259087870138054512
162539578920885706
19140168603420551
238821782966192912
152649760348046180
105325454904069674
202719440546786898
434688049690021639
146398911605594240
7290881026209738
162539578920885706
383777393658325547
34118746161665049
288886780575809707
124441426060238603
215224344461454395
178500932780494195
71243589143560919
19140168603420551
403019035533390620
203253045655872102
306355117766995186
267490728591458389
364838173457704081
206954155677713760
451801279512919090
139327819245468299
65676142212645875
144674225125216449
146395922375076971
560688170828857069
242735604948937575
521324843899913241
230744211171021974
160751547433860857
173464257420263086
400374613169151373
178500932780494195
423461035794702119
568135261054136296
138070430991572051
230127858365077676
525438331394455403
471910512875989207
41616778803841979
202368326237702836
163569474660148912
503108965981329944
284433107528398155
131433391019676786
123107899636171867
78279357214893227
296689029545573483
70800851288029280
47736542153304663
148523844269917792
296884222859550877
360337449943258269
215134052089634807
309529876592691888
347491096130504565
478924487015963624
16412470771277055
128072155964556114
46507476088183111
407412024148910662
2728387404817003
216122281902206539
55423750333875423
270557802289292503
540726962739551974
458369970572600235
124564076908556960
222857488893253667
173430314303801755
357687536081830025
298289955180698391
363708373432288811
1189883918808991
512016369836738993
223325299950890464
564049673438845936
96566467734620080
238821782966192912
137268629142672815
523673968776525191
43907769316857425
342197724497555817
83914549795154489
302285659348839822
540353780298735559
539995997092314921
77602229336178291
548588687227957474
460068966647738278
38814630963941058
64115091513697367
369091570363920974
453413225749686406
219150197943818735
256328472046262622
359092496175460490
322985524036554834
3909670743779122
329509451549871527
40484588676671848
488984990498514826
182691642703052977
201640853475903751
293446253512301122
69913269903553436
514809847478630134
547511858686832083
244310884912873389
235065309328832960
369302615912332773
392265819666220967
487105737284985587
93336627550397348
294977481026301100
11962982100961006
81876252004514442
208596359003124002
117948210007988292
167966639950853459
437533475950483352
164494686862248415
508401238754108814
343891987661876762
530521851218695825
249038579807355709
261001561908316715
342877813778613430
551474172915955160
79086363585883488
409790007688892201
270862731604387522
362774039338503792
384941427226432329
359931039197132823
175460920091178160
520271328670599923
474683565141407089
160281196736862271
409445756229544805
163569474660148912
190747533625867764
491335055448471795
349736244122385475
17025146308126657
296839288411453359
472300208368413792
416110784735590227
314333597439356101
202719440546786898
206937341167673933
339965834838613030
2954380790579825608
530713368330263066
445587671609529101
218863163428491089
377080082339667678
204502147538728096
231651210244368170
357687536081830025
2954380790579825608
327274541214697784
225428583221710397
533028381726703271
403019035533390620
7534708968244030
453122380577773132
95524791568623005
472604874042508412
279629759287524211
192916218736351615
205857162511693298
238590175277892790
306963202710995168
482408813613963841
50725973543134477
305675499666299593
25412190931508755
131834789805812998
240408952401906769
512652840033604594
1477190395289912804
249038579807355709
328000734303093722
474683565141407089
100589535636539950
407552738615970574
2954380790579825608
