100589535636539950: 2 5 5 7 11 13 2009780931799
102015973467807637: 7 2003 7275941335697
105325454904069674: 2 1433011 36749702167
105325454904069674: 2 1433011 36749702167
105863725978851293: 907 114859 1016189861
105863725978851293: 907 114859 1016189861
105863725978851293: 907 114859 1016189861
105863725978851293: 907 114859 1016189861
105863725978851293: 907 114859 1016189861
114223514415669447: 3 38074504805223149
117948210007988292: 2 2 3 521 18865676584771
1189883918808991: 7 431 11927 33067249
11962982100961006: 2 23 431077 603290893
122181168631613987: 7 79 220942438755179
122847057435959571: 3 11 13 19 15071409328421
123107899636171867: 1917353 64207216739
124441426060238603: 29 80657 53201627351
124564076908556960: 2 2 2 2 2 5 8101 96102392381
124564076908556960: 2 2 2 2 2 5 8101 96102392381
128072155964556114: 2 3 3 1657 1708951 2512639
131433391019676786: 2 3 29 67 103 6271 17454509
131834789805812998: 2 137 481148867904427
136244239952967902: 2 7 97 100327128094969
137268629142672815: 5 6373 15739 273703429
138070430991572051: 7 47 619 202889 3341609
139327819245468299: 53 541 4859199220363
144674225125216449: 3 13 93169 39815770439
145469865598712529: 3 7 1619 4278651301471
145469865598712529: 3 7 1619 4278651301471
145469865598712529: 3 7 1619 4278651301471
145734537965857673: 7 7 17 1637 106873198613
146395922375076971: 17 29 1655483 179373109
146398911605594240: 2 2 2 2 2 2 2 5 127 521 3457135723
1477190395289912804: 2 2 369297598822478201
1477190395289912804: 2 2 369297598822478201
1477190395289912804: 2 2 369297598822478201
148523844269917792: 2 2 2 2 2 13 357028471802687
148830020971496281: 148830020971496281
148860060491261327: 13 7229 1584005240551
151474823771500572: 2 2 3 7 97 4327 4296378557
152649760348046180: 2 2 5 7632488017402309
154423012463381735: 5 200987 153664677281
154937166742595276: 2 2 13 454723 6552474581
154937166742595276: 2 2 13 454723 6552474581
154937166742595276: 2 2 13 454723 6552474581
156028942090750606: 2 78014471045375303
159675312081835949: 7 22810758868833707
159675312081835949: 7 22810758868833707
159675312081835949: 7 22810758868833707
160281196736862271: 7 17 103 59083 221327741
160751547433860857: 157 6569 155867743429
162106452559570707: 3 3 44147749 407989727
162539578920885706: 2 1874839 43347609827
162539578920885706: 2 1874839 43347609827
162539578920885706: 2 1874839 43347609827
162539578920885706: 2 1874839 43347609827
163569474660148912: 2 2 2 2 29 347 1015908989989
163569474660148912: 2 2 2 2 29 347 1015908989989
163569474660148912: 2 2 2 2 29 347 1015908989989
163569474660148912: 2 2 2 2 29 347 1015908989989
16412470771277055: 3 5 19 43 1339246900961
16412470771277055: 3 5 19 43 1339246900961
164494686862248415: 5 17 53 4111 19531 454763
166345556062952029: 83 35531 56406048973
166345556062952029: 83 35531 56406048973
167966639950853459: 131 1439 2543 350384257
167966639950853459: 131 1439 2543 350384257
167966639950853459: 131 1439 2543 350384257
17025146308126657: 101 168565805030957
17025146308126657: 101 168565805030957
173430314303801755: 5 601 12613 4575748427
173464257420263086: 2 607 1741 7879 10416491
175460920091178160: 2 2 2 2 5 2193261501139727
176787934190494425: 3 3 5 5 977 804221240489
178500932780494195: 5 17 173 349 34781638271
178500932780494195: 5 17 173 349 34781638271
178500932780494195: 5 17 173 349 34781638271
178500932780494195: 5 17 173 349 34781638271
178500932780494195: 5 17 173 349 34781638271
178500932780494195: 5 17 173 349 34781638271
182691642703052977: 13 14053203284850229
190747533625867764: 2 2 3 3 3 7 13 41 43 1039 10595609
19140168603420551: 421633 45395328647
19140168603420551: 421633 45395328647
192916218736351615: 5 19 71 28601366751127
194384149790453393: 5737 33882543104489
196597237445756837: 101 1946507301443137
198299191199032076: 2 2 97 511080389688227
198299191199032076: 2 2 97 511080389688227
198299191199032076: 2 2 97 511080389688227
201640853475903751: 7 13 167 293 367 123391993
202368326237702836: 2 2 17 29 881 116482241873
202719440546786898: 2 3 3 3 7 19469 27546089489
202719440546786898: 2 3 3 3 7 19469 27546089489
203253045655872102: 2 3 11 31 99341664543437
204502147538728096: 2 2 2 2 2 29 220368693468457
204899136218489658: 2 3 11 11 3929 71832582127
205857162511693298: 2 67 89 4519 13903 274739
206708789005506685: 5 523 5486111 14408629
206937341167673933: 71 13633 213790833931
206954155677713760: 2 2 2 2 2 3 3 5 127 1131639083977
208244746563813260: 2 2 5 7 1487462475455809
208596359003124002: 2 307 1201 282875506843
209334450926052976: 2 2 2 2 1433 9130078983167
215134052089634807: 4409 1614637 30219979
215224344461454395: 5 829 919 44497 1269757
215224344461454395: 5 829 919 44497 1269757
215784147235858654: 2 19 157 36168982104569
215933627369863517: 4421 474137 103013921
215933627369863517: 4421 474137 103013921
216064098025358375: 5 5 5 13 11377517 11686427
216122281902206539: 216122281902206539
217918040268700809: 3 3 2633 9196018072697
218076330977768516: 2 2 11 11 5261 30259 2830351
218304959927454290: 2 5 11 19 14639 7135195979
218304959927454290: 2 5 11 19 14639 7135195979
218863163428491089: 186587 1172981844547
219150197943818735: 5 11 521929 7634274113
220158789613904664: 2 2 2 3 3 3 1019253655619929
220975039834722949: 7187 30746492254727
221008240567380815: 5 17 271 757 12674311337
222857488893253667: 47 4741648699856461
222857488893253667: 47 4741648699856461
223325299950890464: 2 2 2 2 2 6978915623465327
223325299950890464: 2 2 2 2 2 6978915623465327
22383585003765952: 2 2 2 2 2 2 23 227 66987840583
225281069069736273: 3 11 27347129 249631289
225428583221710397: 19 34349681 345408223
226824546728135163: 3 43 4217 416962252691
227008114394376554: 2 53 547 1763303 2220349
227915112229583008: 2 2 2 2 2 19 374860381956551
227915112229583008: 2 2 2 2 2 19 374860381956551
230127858365077676: 2 2 19 6871849 440638049
230388316143284803: 7 17 31 62452782906827
230744211171021974: 2 23 109 46019986272641
231504085117764251: 13 61 1219703 239348869
231651210244368170: 2 5 127 761 3719 64449569
235065309328832960: 2 2 2 2 2 2 5 12743 84179 684799
237164097988143179: 7 17 17 971387 120687079
237164097988143179: 7 17 17 971387 120687079
238590175277892790: 2 5 11 97 5393 4146271309
238590175277892790: 2 5 11 97 5393 4146271309
238590175277892790: 2 5 11 97 5393 4146271309
238590175277892790: 2 5 11 97 5393 4146271309
238821782966192912: 2 2 2 2 17 8939929 98213449
238821782966192912: 2 2 2 2 17 8939929 98213449
240408952401906769: 13 59281 311954864773
242735604948937575: 3 3 5 5 3499 39043 7897031
244310884912873389: 3 13 1973113 3174872227
246802122642719308: 2 2 7 1301 1319719 5133719
246815617168351289: 1627 16349 9278844343
247386047158000627: 247386047158000627
247386047158000627: 247386047158000627
248606477984611: 17 41 821 434446703
249038579807355709: 7 47 103 47843 153608449
249038579807355709: 7 47 103 47843 153608449
25412190931508755: 5 11 29 3631 4387884359
25412190931508755: 5 11 29 3631 4387884359
25412190931508755: 5 11 29 3631 4387884359
256328472046262622: 2 3 42721412007710437
256328472046262622: 2 3 42721412007710437
259087870138054512: 2 2 2 2 3 5397663961209469
259087870138054512: 2 2 2 2 3 5397663961209469
261001561908316715: 5 17 109 28170702850331
261155396020193426: 2 67 1948920865822339
266624666512322915: 5 23 929 15601 159968449
267490728591458389: 37 8273 873864275489
267490728591458389: 37 8273 873864275489
267490728591458389: 37 8273 873864275489
269374867441307242: 2 47 2865690079162843
270557802289292503: 64217 1379813 3053443
270862731604387522: 2 53 107 23881390548791
2728387404817003: 97 11423 2462374613
273964478551444810: 2 5 19 367 3928932719797
279462181432412062: 2 7 19961584388029433
279528904502675566: 2 71 5233 376173019681
279548609278382132: 2 2 13 5783 929610028327
279629759287524211: 8716919 32078967269
279629759287524211: 8716919 32078967269
279629759287524211: 8716919 32078967269
279629759287524211: 8716919 32078967269
279629759287524211: 8716919 32078967269
279629759287524211: 8716919 32078967269
279629759287524211: 8716919 32078967269
28424103879335569: 19 1496005467333451
284433107528398155: 3 5 257 39161 1884091501
288886780575809707: 29 43 70901 3267449281
288886780575809707: 29 43 70901 3267449281
289874313595224341: 87509381 3312494161
29143764473100742: 2 15137 962666462083
292435539497597140: 2 2 5 19 19 40503537326537
293446253512301122: 2 149 984718971517789
294770944064124739: 185247749 1591225511
294977481026301100: 2 2 5 5 173 3793 4495312799
2954380790579825608: 2 2 2 369297598822478201
2954380790579825608: 2 2 2 369297598822478201
2954380790579825608: 2 2 2 369297598822478201
2954380790579825608: 2 2 2 369297598822478201
2954380790579825608: 2 2 2 369297598822478201
2954380790579825608: 2 2 2 369297598822478201
2954380790579825608: 2 2 2 369297598822478201
2954380790579825608: 2 2 2 369297598822478201
296689029545573483: 7 13 11279 289060998847
296689029545573483: 7 13 11279 289060998847
296839288411453359: 3 3 3 11 13 76881452580019
296884222859550877: 321823 922507784899
298289955180698391: 3 503 197673926561099
299570403103757032: 2 2 2 13 71 157 258408957139
299570403103757032: 2 2 2 13 71 157 258408957139
299570403103757032: 2 2 2 13 71 157 258408957139
299570403103757032: 2 2 2 13 71 157 258408957139
299570403103757032: 2 2 2 13 71 157 258408957139
301464800968560826: 2 277 1231 8209 53849111
301621487782785996: 2 2 3 7 1053739 3407610421
302285659348839822: 2 3 17 2963584895576861
304585392617671925: 5 5 17 2399 4013 74442463
304585392617671925: 5 5 17 2399 4013 74442463
305583821610006344: 2 2 2 29 241 12101 451652137
305675499666299593: 305675499666299593
306355117766995186: 2 153177558883497593
306355117766995186: 2 153177558883497593
306963202710995168: 2 2 2 2 2 13 2099611 351442393
308605887058715526: 2 3 7 7347759215683703
309529876592691888: 2 2 2 2 3 7 7 7 37 508119068291
309529876592691888: 2 2 2 2 3 7 7 7 37 508119068291
311282332957256823: 3 3 109 100379 3161131777
312913675996257678: 2 3 643 81107743907791
313273220496521108: 2 2 53 179 8255328884171
313273220496521108: 2 2 53 179 8255328884171
313273220496521108: 2 2 53 179 8255328884171
313651733043093048: 2 2 2 3 3 16661 261465342419
31379213615069252: 2 2 79 1770997 56070851
313998026542782898: 2 1861 84362715352709
313998026542782898: 2 1861 84362715352709
313998026542782898: 2 1861 84362715352709
314333597439356101: 69931 4494910661071
314492715889405145: 5 17 23 37 1042043 4172309
315415476145765955: 5 37 103 180331 91791751
320776606741473261: 3 3 17 23 61 1494354332879
321982410008606752: 2 2 2 2 2 263 38258366208247
321982410008606752: 2 2 2 2 2 263 38258366208247
321982410008606752: 2 2 2 2 2 263 38258366208247
322985524036554834: 2 3 7 7 13 23 3674214775289
32523093110554232: 2 2 2 41 79 207191 6057871
32523093110554232: 2 2 2 41 79 207191 6057871
327274541214697784: 2 2 2 40909317651837223
327726449366452917: 3 11 9931104526256149
328000734303093722: 2 13 12615412857811297
328000734303093722: 2 13 12615412857811297
329509451549871527: 11 19 173 686863 13267997
329509451549871527: 11 19 173 686863 13267997
329509451549871527: 11 19 173 686863 13267997
32990776986179121: 3 31 41 203809 42452413
333643079569121365: 5 19 1621 1356133 1597619
335050779170104627: 7 7 17 163 2467618550513
335050779170104627: 7 7 17 163 2467618550513
335050779170104627: 7 7 17 163 2467618550513
335484594747850096: 2 2 2 2 233 51599 1744035793
335484594747850096: 2 2 2 2 233 51599 1744035793
339965834838613030: 2 5 919 551489 67078433
34045584940511873: 31 2203 620603 803287
34118746161665049: 3 3 5256467 721201483
342197724497555817: 3 3 3 11 59 103 4457 42539149
342877813778613430: 2 5 34287781377861343
343891987661876762: 2 337 389 372023 3525679
343891987661876762: 2 337 389 372023 3525679
343891987661876762: 2 337 389 372023 3525679
347491096130504565: 3 3 3 3 5 858002706495073
349736244122385475: 5 5 17292229 809002111
351395966010895626: 2 3 131 503 3559 249734333
352405118813340368: 2 2 2 2 19 2311 501612879497
355212205015058591: 8039 128659 343435891
355212260293817866: 2 27112027 6550824479
355967111289150356: 2 2 433 1361 2393 63104621
357687536081830025: 5 5 37 37 439 23806515311
357687536081830025: 5 5 37 37 439 23806515311
357687536081830025: 5 5 37 37 439 23806515311
357687536081830025: 5 5 37 37 439 23806515311
357687536081830025: 5 5 37 37 439 23806515311
357687536081830025: 5 5 37 37 439 23806515311
359092496175460490: 2 5 37 151 258373 24875999
359931039197132823: 3 7 59 3844133 75570029
359931039197132823: 3 7 59 3844133 75570029
359931039197132823: 3 7 59 3844133 75570029
360337449943258269: 3 337 356416864434479
360337449943258269: 3 337 356416864434479
362774039338503792: 2 2 2 2 3 3 3 3 9209 30396160303
362774039338503792: 2 2 2 2 3 3 3 3 9209 30396160303
362774039338503792: 2 2 2 2 3 3 3 3 9209 30396160303
362774039338503792: 2 2 2 2 3 3 3 3 9209 30396160303
363708373432288811: 1108703 328048515637
364838173457704081: 364838173457704081
365699127599877003: 3 17 1617619 4432793587
365699127599877003: 3 17 1617619 4432793587
368654484380833153: 167 1093 28631 70541773
369091570363920974: 2 184545785181960487
369091570363920974: 2 184545785181960487
369232257905766675: 3 3 5 5 7 234433179622709
369297598822478201: 369297598822478201
369302615912332773: 3 3 11 23 162188237115649
369302615912332773: 3 3 11 23 162188237115649
369927150084656744: 2 2 2 379033 121997012821
373099366529470852: 2 2 13858601 6730465913
373099366529470852: 2 2 13858601 6730465913
375108874826169992: 2 2 2 17 23 751 6323 25253843
377080082339667678: 2 3 3 20948893463314871
378532773888637862: 2 13 37 173 2274480993887
378532773888637862: 2 13 37 173 2274480993887
378532773888637862: 2 13 37 173 2274480993887
380050980741910158: 2 3 17 37 197 511179861061
381929414456791114: 2 29 34184207 192632519
382503115238975621: 11 97 103 137 137 185435209
383777393658325547: 122267 3138846897841
383777393658325547: 122267 3138846897841
384941427226432329: 3 11 59 197710029392107
38814630963941058: 2 3 61 10333 10263321811
38814630963941058: 2 3 61 10333 10263321811
38855226440221811: 239 162574169205949
3909670743779122: 2 7 279262195984223
392265819666220967: 19 157 4357 5701 5294057
39560491738127242: 2 19780245869063621
400374613169151373: 241 1661305448834653
401045200913366292: 2 2 3 19 67 149 1949 90403567
403019035533390620: 2 2 5 101 137 227 6961 921629
403019035533390620: 2 2 5 101 137 227 6961 921629
403019035533390620: 2 2 5 101 137 227 6961 921629
403019035533390620: 2 2 5 101 137 227 6961 921629
403636533509100124: 2 2 251 3761 106894022821
40484588676671848: 2 2 2 19 266345978135999
406178818357675843: 17 23892871668098579
407412024148910662: 2 7 131 222143960822743
407552738615970574: 2 11 21727 852631494571
407906201327862032: 2 2 2 2 19 41 367 1117 79833217
407906201327862032: 2 2 2 2 19 41 367 1117 79833217
409445756229544805: 5 131 353 389797 4542991
409790007688892201: 7 67 13309 65651264681
410353518201908955: 3 5 17 17977 34369 2604557
41240660421139552: 2 2 2 2 2 211 10037 20143 30211
41240660421139552: 2 2 2 2 2 211 10037 20143 30211
412407136932644864: 2 2 2 2 2 2 2 2 2 2 2 89 2262591823937
41367610541783311: 43 79 937 107641 120739
41367610541783311: 43 79 937 107641 120739
414915282368169759: 3 3 11 417337 10042396093
41505808673531486: 2 17 10193 124907 958829
416110784735590227: 3 3 3 3 3 41 83 419 1200954977
41616778803841979: 181 16901 44273 307283
418837961351081045: 5 17 101 48787182452077
422976188988683964: 2 2 3 3 743 15813376289393
423461035794702119: 17 23 4223519 256426111
427545873402966317: 47 545527 16675106293
427545873402966317: 47 545527 16675106293
431268857370216429: 3 143756285790072143
434688049690021639: 19 19 19 69401 913169021
436546370009815562: 2 7 37 59 14283959492501
436774450218434894: 2 137 5788051 275406581
437533475950483352: 2 2 2 11 5557 894722209397
438072274487281760: 2 2 2 2 2 5 17 29 5553654595427
43907769316857425: 5 5 7 7 7 5120439570479
43950224887419289: 37 1187843915876197
43950224887419289: 37 1187843915876197
444064002151985355: 3 5 7 31 97 197 7139316169
444064002151985355: 3 5 7 31 97 197 7139316169
445077256878284289: 3 7 241 87942552238349
445587671609529101: 173 347 11491 645951281
448306356411985613: 263 521 187409 17457859
451801279512919090: 2 5 31 134269 10854504631
452629550530988699: 11 37 97 141067 81273943
453122380577773132: 2 2 79 206909 6930252353
453413225749686406: 2 311 728960170015573
455336715632829040: 2 2 2 2 5 349 140443 116122709
458207156343460597: 43 61 174688202952139
458236559723070134: 2 33249607 6890856781
458369970572600235: 3 3 5 23 23 8263 19727 118127
460068966647738278: 2 230034483323869139
460068966647738278: 2 230034483323869139
463722561122402265: 3 5 813559 37999502689
463932197426773797: 3 2321647 66609637817
463932197426773797: 3 2321647 66609637817
46507476088183111: 17 118051 23174169533
466202903136865257: 3 11 43 328543272119003
467728721750082801: 3 7583 20560408006949
467781322474431697: 467781322474431697
467781322474431697: 467781322474431697
468313683044819337: 3 3 11 37 68891 1855826789
469155401053975459: 73 397 30241 535312279
469654696704897628: 2 2 149 788011236082043
471910512875989207: 1181 399585531647747
471910512875989207: 1181 399585531647747
471910512875989207: 1181 399585531647747
471910512875989207: 1181 399585531647747
472107057312960384: 2 2 2 2 2 2 2 3 7 367 35999 13293971
472300208368413792: 2 2 2 2 2 3 23 37 367 15752564981
472604874042508412: 2 2 4673413 25281570131
474683565141407089: 13 36514120395492853
474683565141407089: 13 36514120395492853
47736542153304663: 3 99349 160164477929
47736542153304663: 3 99349 160164477929
47736542153304663: 3 99349 160164477929
478924487015963624: 2 2 2 113 529783724575181
482408813613963841: 11 31 6359 75743 2937173
482408813613963841: 11 31 6359 75743 2937173
482408813613963841: 11 31 6359 75743 2937173
485338829352945994: 2 242669414676472997
485338829352945994: 2 242669414676472997
485415143882481427: 439 12497 174299 507631
485415143882481427: 439 12497 174299 507631
485415143882481427: 439 12497 174299 507631
485415143882481427: 439 12497 174299 507631
485415143882481427: 439 12497 174299 507631
487105737284985587: 43 43 61 241 10477 1710419
488984990498514826: 2 334950641 729935893
488984990498514826: 2 334950641 729935893
488984990498514826: 2 334950641 729935893
488984990498514826: 2 334950641 729935893
491335055448471795: 3 5 11 47 63357196060409
503108965981329944: 2 2 2 4523 13904183229641
506192679212438336: 2 2 2 2 2 2 49057 324587 496711
506192679212438336: 2 2 2 2 2 2 49057 324587 496711
50725973543134477: 7 137 52894654372403
508401238754108814: 2 3 84733539792351469
510010866784135501: 673 334423 2266043419
512016369836738993: 439 115001 10141862287
512652840033604594: 2 2099 3557 34331839079
514809847478630134: 2 17 1301 12541 928022411
514809847478630134: 2 17 1301 12541 928022411
516346068946535135: 5 7 11 983 1364352615097
517789425690589622: 2 3011017 85982481283
519392006873544286: 2 61 283 1083707 13881523
520271328670599923: 347 2437 615240461557
521324843899913241: 3 47 16411841 225284861
523673968776525191: 421 467 1127813 2361701
525438331394455403: 61 79 31721 3437304097
52609365098593796: 2 2 13152341274648449
530521851218695825: 5 5 12517 1695364228549
530713368330263066: 2 13 1237 16501255156093
533028381726703271: 1013 2773583 189714149
538907587466591249: 59 293 31174153263527
539995997092314921: 3 241 673 3727 297767837
539995997092314921: 3 241 673 3727 297767837
540353780298735559: 13 31091 1336903779473
540726962739551974: 2 337 802265523352451
540726962739551974: 2 337 802265523352451
540726962739551974: 2 337 802265523352451
541711040880748554: 2 3 3 30095057826708253
54430875516374073: 3 3 3 31 53 151 463 17550361
54430875516374073: 3 3 3 31 53 151 463 17550361
547013834951526878: 2 13 21038993651981803
547467954889559583: 3 11 769 1627 13259613677
547511858686832083: 11 41 277 705317 6213737
548588687227957474: 2 7 19 61 127 3571 74548997
550864366286769978: 2 3 17827 5150094110869
551474172915955160: 2 2 2 5 547 535669 47052353
55423750333875423: 3 83 1891333 117687019
555139949480479516: 2 2 367 1021 3623 102230939
560688170828857069: 727 2339 9511 34668143
560688170828857069: 727 2339 9511 34668143
560688170828857069: 727 2339 9511 34668143
56099491941771818: 2 19 29 50906979983459
562858910055612624: 2 2 2 2 3 11467 1022606374189
562858910055612624: 2 2 2 2 3 11467 1022606374189
56307079879435676: 2 2 14076769969858919
564049673438845936: 2 2 2 2 37603121 937504751
564402871348064289: 3 3 3 457 22727 2012644813
565686501618011726: 2 911 6257 59707 831067
565686501618011726: 2 911 6257 59707 831067
566414332128943449: 3 73 113 223 92623 1108123
566521291836125111: 59 276173 34768264073
566673549806450162: 2 29 139 652871 107662081
568135261054136296: 2 2 2 617 115100336518261
573288535992827108: 2 2 236504041 606002897
59539500732861625: 5 5 5 7 7457 9125002507
616179207887616: 2 2 2 2 2 2 2 2 3 19 31 79 17242627
64115091513697367: 11 13 1193 375823372433
65676142212645875: 5 5 5 1759 268721 1111553
67832797988135102: 2 13 431 679297 8911061
67832797988135102: 2 13 431 679297 8911061
67832797988135102: 2 13 431 679297 8911061
68823242615046682: 2 7 433 7669 1480404719
69913269903553436: 2 2 5923 1553887 1899059
70800851288029280: 2 2 2 2 2 5 11 40227756413653
71223248945098378: 2 17 521 4020732129677
71243589143560919: 1480573 48118930403
7290881026209738: 2 3 3 239 3137 9319 57973
73635669502396381: 73635669502396381
7534708968244030: 2 5 17 5741 8861 871259
77602229336178291: 3 15017 376759 4571999
78279357214893227: 78279357214893227
78279357214893227: 78279357214893227
78279357214893227: 78279357214893227
78279357214893227: 78279357214893227
79086363585883488: 2 2 2 2 2 3 3 3 61 1500576115397
79086363585883488: 2 2 2 2 2 3 3 3 61 1500576115397
79086363585883488: 2 2 2 2 2 3 3 3 61 1500576115397
79086363585883488: 2 2 2 2 2 3 3 3 61 1500576115397
79086363585883488: 2 2 2 2 2 3 3 3 61 1500576115397
79086363585883488: 2 2 2 2 2 3 3 3 61 1500576115397
81876252004514442: 2 3 3 1307 3480245345767
8296073235950786: 2 11 11 13 19 98257 1412527
83914549795154489: 559277 150041124157
83914549795154489: 559277 150041124157
83914549795154489: 559277 150041124157
85109222314792088: 2 2 2 7 7 173 5351 234535993
85799307293291687: 89 2066399 466530017
89705742184538764: 2 2 1669 1199467 11202517
89705742184538764: 2 2 1669 1199467 11202517
90761411668914981: 3 3 1935691 5209819799
93336627550397348: 2 2 13 17659 55667 1825933
95070982832741237: 7 705763 19243809857
95524791568623005: 5 19 23 43718440077173
96275753186426241: 3 29 6981613 158504611
96566467734620080: 2 2 2 2 5 29 337 329603 374729
